99999999999
99999999998
99999999997
99999999996
99999999995
99999999994
99999999996
188976
187642
207730
207607
107404
160072
248333
78369
169885
178821
142609
67606
157933
149527
197921
157873
142606
142611
78900
169598
196581
116254
116251
158286
171680
116273
7923
171735
116285
207865
171608
178585
54523
251503
175279
160049
175262
198793
116670
120949
28137
204513
179172
116731
132906
65526
116809
142627
186715
117118
117115
142623
142619
159339
9709
127481
270136
158747
188784
188257
127472
117215
158786
187980
127483
75151
76864
142798
70831
162552
70886
133216
4487
7968
117318
197880
142661
142677
185436
20633
117632
198830
117676
117713
175793
90020
142733
158195
117748
158161
130766
204138
180198
120656
60656
182866
116478
162521
142920
134686
116560
92853
134698
126070
54118
119535
163873
163875
183431
116954
127603
183682
163909
116985
116990
49089
66136
198974
207962
10803
204060
186409
65978
117394
117400
117399
142949
66135
178028
178028
173846
117425
132781
132780
117461
85999
79277
186377
162367
123473
185104
123080
85832
157077
85840
157193
203985
162407
162409
187889
162601
177606
132849
162607
125703
162434
199135
116678
162594
81985
116717
172380
33122
50628
162620
137968
57468
184005
36549
162613
122420
117114
142875
174021
117151
171517
142867
65243
137947
137944
97046
137948
162676
122406
143033
117505
67334
137962
143036
188641
225206
162627
79335
162692
170989
60718
185946
240038
198890
162631
134215
121957
121940
197780
65135
168765
213366
134184
134201
134202
184371
162775
168679
134248
116455
116473
116473
134245
155363
81026
134242
118655
197323
213281
9307
198765
134259
173218
163399
116815
183508
155761
134250
236334
168614
178104
264343
271425
265972
143127
131788
152042
186275
131791
131778
116128
122497
150337
203814
183598
270882
203811
203852
270276
184678
143401
117362
143384
143457
143452
163131
143387
143437
143379
213190
143434
163159
143398
143373
159377
143442
182134
159445
159450
197915
187170
196805
143556
160679
143614
160741
143578
177954
143549
160712
143603
160691
173207
243364
143590
169242
185499
169231
143627
116539
143622
116584
116586
160789
196189
196189
207933
143321
143294
27869
198400
27644
187800
132694
163518
163534
158485
163554
163563
179639
162728
162736
162738
179914
143258
158882
143252
173110
72694
162733
185630
162761
143171
143198
152382
198821
143147
198734
7908
120370
116132
207949
208024
117560
162753
116161
120332
116147
143207
152092
75391
143322
198216
135829
135862
58085
116701
143344
121481
143341
116690
47410
73756
116711
162670
116750
134371
80910
66279
134376
151418
81237
207975
207759
116852
81248
163395
163435
170075
143851
77152
77157
117139
159388
58673
133056
198625
117222
199059
158711
158715
69275
163486
263528
266094
162889
136634
142224
162891
162892
117322
203710
203709
76356
230937
196878
196878
117594
117595
117625
82512
82512
117650
66027
117697
143499
152104
42781
92969
207590
207624
143507
187554
162909
143514
185842
143815
154380
143819
243709
143768
163041
143799
143772
143801
143816
154342
168148
196890
135801
135763
116903
135766
116991
143674
54267
168243
77522
155816
182901
91483
162843
174371
196289
143702
117020
185420
153207
162711
169224
162722
182783
115705
130508
171865
151360
115738
151694
134308
171848
143882
134318
169016
134324
79785
134323
163029
178295
115884
143878
143869
84674
119778
163026
115129
176732
84676
138031
119772
143970
157851
84774
115241
119760
158019
163803
213639
171094
277893
162961
115760
49323
152689
115808
55332
115825
138061
115904
11566
143924
57935
152518
143921
138095
138032
171132
116016
250565
119729
171150
143933
95002
116062
138081
242441
115310
275052
115392
119866
162924
115464
82898
115507
143995
221823
169621
169564
163235
116039
75292
116127
163017
187605
114978
204843
115274
115289
115317
135622
159399
115350
176204
66032
162951
152284
168906
115548
239305
153563
172116
115593
172071
174501
186281
158050
135956
114982
168758
135976
115085
40933
135945
144218
170485
71054
115590
115594
115604
115607
71051
153165
144057
115665
115665
153201
169679
153094
153107
114999
115008
125538
125618
115084
144119
115107
144118
163083
74047
163161
169967
136715
136720
152086
136718
72135
75886
163046
82258
121988
207654
76003
121966
144229
144228
168702
169554
121989
115947
204406
135999
123610
80345
183091
182389
115145
177519
144278
162989
153234
123612
115170
144283
123636
153246
115221
115233
144290
182263
169432
163092
152254
81479
138385
144357
198586
128708
91409
152256
91428
91436
138433
115935
128656
115966
128714
128713
128710
207744
116044
128655
284741
155657
115232
61676
170396
138448
168542
115368
64933
115419
115415
138378
128641
173559
118997
115524
119042
162971
138356
115942
3402
3402
3400
64012
82146
155760
116030
204217
138442
178562
163599
163600
114933
114942
204186
118260
163251
138413
144406
21826
178568
30419
138376
138363
115414
79246
138375
118245
79308
127838
199121
144580
163482
115592
115596
135925
163497
198973
163501
187736
127824
116106
135903
123983
36257
169047
81052
169031
115009
153820
187957
153827
79263
67066
135932
115053
163283
135930
204120
66248
168918
85978
77044
242366
242515
241119
244122
167165
240224
244474
243135
241635
123485
144476
163359
132326
233608
68024
63660
185176
6607
168397
168395
188389
91181
113851
170364
150995
182533
196220
168137
156983
114026
171148
171135
144554
134086
157020
132164
197548
157152
132170
132155
163517
163520
154764
154767
131375
131378
182568
182568
144566
114166
170142
77092
77097
163513
163527
197385
206557
183813
163539
207625
76242
144668
199075
136059
8226
172936
114739
183873
185313
168356
114742
179934
168036
168036
168038
182606
8324
75914
144791
183625
160791
178038
160801
181555
163832
173473
164045
164050
164053
164054
213672
114302
221883
172037
233276
67560
173531
164078
3756
1617
114349
188338
114353
12171
68028
4838
114388
7402
114737
114738
145041
164080
41880
164086
239732
164091
199150
207926
163930
10319
163939
163935
163932
157388
113812
157445
114251
163666
157500
136068
168291
189283
189283
163635
163637
163638
151276
187098
114861
163602
163605
255423
121440
227124
185008
169855
83937
44524
80224
170854
236032
233412
114354
81148
144802
114423
198919
186265
144848
144857
206530
114573
181722
121594
144837
82701
153767
51341
180353
163406
114013
138496
163840
82684
173175
160145
82781
114554
73111
175792
179348
163902
169714
129071
178804
4399
172752
206384
196455
34533
198585
163781
163785
129055
154928
73711
174579
118007
158092
174564
138231
158186
51382
183770
158258
155903
114126
114127
175054
144935
114698
174963
144891
71794
18408
70087
144895
144893
152580
169860
163655
169282
163660
178053
168811
207779
198987
163590
90402
121871
85276
173889
163558
136603
163581
75651
121858
177565
172667
121879
114450
136518
114416
181449
172578
163872
114770
161202
114867
114859
90534
90539
182580
73803
163904
244405
58866
156976
163918
113916
145012
145012
207651
73282
114279
180611
187527
114315
176945
145113
72274
161217
163961
180370
75711
272602
185619
145214
159692
163945
68078
168924
130997
197386
159788
109758
163982
173040
72840
181215
74211
173011
184985
163995
169676
7062
145147
109819
109606
53900
157765
168214
250254
109787
174125
174130
35928
168421
64042
109132
183783
163285
135605
109189
145216
109220
134853
157404
128052
134852
157426
84093
47315
150471
145242
145241
153802
187054
227725
197888
196620
109181
135220
171234
213759
135226
156096
173610
271271
173597
132467
173542
145321
163631
81051
79557
169435
169429
163739
163735
163734
81041
124882
109321
174808
163743
138757
138755
169245
169248
138771
138764
138756
152784
138675
152795
138674
138663
173083
163312
163322
163625
109339
163629
172493
170509
152591
29559
118785
187653
163104
163106
138696
182168
163114
138698
151247
197894
198099
172955
187758
196616
248144
196344
70190
109270
138814
109320
109332
168772
168769
168743
155011
138795
188517
138794
123739
183423
138798
164093
178403
145362
145349
145388
150961
164109
138738
123737
145386
138741
109471
138684
138685
196159
142731
77684
189184
145391
85871
196782
164136
109452
109458
153147
164161
164162
170365
151615
151617
164169
151623
109670
121211
137462
145423
171560
256043
145431
52795
109756
168843
151005
38295
164105
164120
168594
168594
150630
109674
168556
168310
164305
164342
83857
109536
280757
73578
249915
28310
71539
145506
164362
112941
78295
112902
150753
169862
38382
145526
154162
164256
40731
113100
113360
133401
113384
151388
182631
113494
168685
145604
164190
164318
113594
145623
164327
82074
171522
132356
132357
171495
112964
172239
70193
164588
16082
213949
164171
134363
198983
67113
177058
134352
95015
155545
145632
35499
123213
112851
145675
134057
134058
273841
183474
145736
83312
122008
164220
181104
152409
152413
113296
39319
113318
113319
152348
152422
145715
134480
245526
81189
164199
133302
113441
153922
184349
145777
134982
171444
243414
145782
177879
92421
172869
61455
151292
113368
158987
217128
164398
164399
164400
197208
197375
125347
113525
113522
169194
113520
131437
72364
81059
113558
113575
119048
43143
181965
145832
145839
113658
61492
112981
112983
94880
158402
120733
44115
158458
113070
170458
256453
204970
250120
239389
113211
120322
120324
178913
240764
131504
171720
120318
113578
145819
91009
113649
156475
176049
133710
173210
249669
249669
208035
113712
182578
113721
70808
19582
86570
145907
164576
113196
113263
113282
164330
145860
113302
170234
164611
253522
145864
145864
145863
22355
113328
145934
113645
199035
184347
134516
43462
204764
164438
181163
156427
72803
120129
74276
175766
113763
160883
87206
160867
165671
169220
196570
183258
176783
161021
50748
37280
168903
137265
112685
188996
164379
137275
153046
124491
124783
153162
78401
145979
8083
137364
165097
124795
172201
112242
124766
172179
111802
146047
275714
278637
124529
274267
276410
278272
187837
197061
180596
180573
168298
158373
274290
277157
282988
197409
196866
197846
276966
187990
274750
124575
198327
275663
277775
275713
273983
278588
158406
182952
124635
196787
276180
197903
124613
185130
278828
273703
197238
273542
233822
276903
184357
275379
275126
197153
274641
224586
204713
204687
204681
204644
204642
204632
206503
204616
204592
204574
204568
137337
137312
213780
204540
204531
204525
234745
198563
213760
226979
232810
227507
204435
204410
204396
204390
204389
204388
204385
204371
204344
231852
168477
213676
204301
196301
198502
196126
232629
204256
204231
204227
237441
204209
112511
197283
30110
96433
137309
64995
112033
112039
7866
96060
112062
156711
96070
10030
112081
124762
137193
112130
146122
124701
137166
112561
164663
112576
137413
124496
24048
171611
112640
44090
112658
170734
112715
181577
96384
96384
146232
196284
124813
172348
112818
8197
170927
207604
199080
112118
244067
243955
182793
174156
170899
112175
124749
151914
146143
112232
118482
135298
112280
112305
199094
207827
79841
156508
119899
112697
146247
118418
112742
13375
112837
135316
168830
188994
135336
118432
146278
25039
135341
135333
146263
112237
112238
152034
57663
57657
146285
118689
80546
135596
112290
9413
10810
112769
277443
196591
111817
173612
185002
47936
47932
111877
111875
146350
236548
135547
146374
255330
214338
152894
196569
198945
112282
118523
112319
28839
118515
118513
29363
135525
197442
16402
164485
27697
118503
112378
24862
203734
146414
152822
55208
131023
120256
91831
131018
112038
49618
272047
92820
112096
197081
175003
112499
146477
85511
112531
112539
71242
213066
166984
130396
153303
186340
130024
198719
112592
197461
188191
164850
2822
106003
146535
198286
242802
157927
75624
75618
122512
136238
187953
164654
106399
106443
5108
6747
6468
136267
106546
48052
122691
105855
4846
164651
136237
136244
172115
50344
122566
122565
122592
78399
253293
5073
106031
153814
146592
122642
155849
106483
78053
106536
6451
65883
122641
106571
106588
2746
164708
122678
106628
106633
58404
136286
164742
214765
146674
136273
185811
132436
106070
146648
132434
164776
185177
126522
126524
196313
188763
9954
49540
106683
49541
6704
263001
123965
127957
127946
106211
170027
91073
241350
127947
187257
187391
127955
135218
135218
75223
19991
153956
170381
75213
153993
198822
135185
5471
85563
6634
182348
58091
157240
127914
1631
157259
105810
177409
4948
127928
127920
164692
158528
158560
127922
105880
196367
198742
106258
282301
160870
160868
21461
168090
166508
207547
208036
106290
188186
213413
78319
78487
205307
77080
172354
130427
146839
196411
87087
205277
106366
106400
257923
160999
161036
170667
105808
222011
105821
189056
164815
5483
146776
128536
105851
5249
91138
91136
91128
173114
128512
154415
128573
105971
105974
105976
105989
71243
2745
146809
106299
234224
128513
179603
197157
128594
207705
174697
128591
128524
128604
128602
199158
207691
186591
91732
199043
226380
128567
221866
198074
122783
105875
80802
181072
105894
157680
182158
122779
122778
146963
6459
157764
214102
106028
106123
165125
127412
197993
197448
106144
159784
146904
185899
221836
243896
174469
55130
106462
155660
133561
106565
164867
164885
82014
106615
106617
55609
196584
133627
130226
157212
164690
130675
147364
180190
176595
36448
91879
239839
215356
173281
253230
154328
164733
223443
164741
38945
78579
104213
78674
171428
156006
147416
61337
158806
158815
168453
168484
120910
179388
120889
173535
173530
104689
167034
159167
69206
221914
92964
120899
171320
168078
134014
104290
120875
197265
104695
133863
165392
157168
156687
215262
20181
187840
129691
156735
147548
77782
147526
104755
104332
147536
158669
29534
83168
104368
104365
70501
104371
78668
168172
164808
253729
104738
169139
19549
168300
47249
187735
120992
164736
254087
172680
181690
170791
35681
171316
177182
207816
169085
185697
270024
104205
121022
66777
46889
147596
140396
104313
250979
154582
154582
154589
91656
104432
164683
76641
133740
147614
164893
123124
176571
176566
156103
104320
79102
164951
79112
79112
197275
175305
156466
169439
104324
104375
164919
174226
70756
164924
164924
120963
48392
104517
155097
164930
176406
164935
169946
154188
147655
104408
120533
205038
164796
104447
164754
182197
64313
155792
178764
165156
156802
156804
176853
147684
180938
156831
212993
136997
155897
129292
104419
207582
199153
147724
169436
104472
169398
226807
181790
126233
104499
182759
180900
261150
178896
160949
160957
107099
80503
199065
96968
120217
197646
137040
147854
107077
153707
147862
147869
164985
173068
155876
137154
171843
171855
177047
137080
236637
214042
186803
147885
234829
228083
147873
120235
233816
188379
120242
197919
184995
199177
147889
147883
107105
120156
147896
122729
107201
122728
122756
137070
172724
137077
165280
221829
5238
137101
137076
107175
196196
122707
122694
196092
107371
106714
185775
154529
196774
204790
107242
165059
119139
198887
83067
106772
156052
106829
196781
165115
165119
207603
178966
148053
180447
196730
135047
148082
123975
187764
130222
165025
127083
165238
197724
199165
199072
199133
130950
130957
165140
207563
207864
158169
158169
185920
81377
136943
196116
136936
178919
136938
136928
106799
119508
119509
136891
155827
188386
70214
186051
119318
136826
148156
70061
207698
157654
241978
165124
198121
242616
176386
148229
138835
136888
106952
41982
148219
136869
119403
56558
119397
148180
136848
95303
148204
119408
207595
207737
173611
119414
119487
167081
136807
207581
175854
197694
119335
160447
167136
171097
187239
130711
130713
97007
50555
126883
107263
196358
107290
125484
165699
165702
160271
160293
169925
196363
186350
130635
165684
148400
199161
196642
127191
148362
176884
176248
176058
130653
181090
207693
148408
15171
151240
107929
67057
67082
151632
196139
178462
178372
178363
134452
134470
134460
65675
198879
165632
107485
151474
152455
152457
148468
77943
107611
26025
136738
148482
165995
78403
136770
269897
168283
185875
77420
136754
107890
120539
182077
95787
95739
197321
165757
107968
148516
170759
120616
150093
99250
148498
108094
177283
120555
165731
198915
198298
107562
204172
107643
225830
227345
266412
265354
204149
148584
107984
150275
72401
108064
108091
151150
170312
150347
122877
171988
183230
96717
138346
138336
60339
107625
165732
156510
156515
156521
156574
180644
107731
107736
168209
138308
156042
107758
148660
122861
156650
188199
185737
107779
184923
171862
26103
119917
119917
152779
198997
148680
180628
119938
152804
138193
119969
108242
165841
138109
138115
95637
95585
107447
95587
155629
187122
165879
181274
171314
171311
120057
172987
213341
75290
166135
119906
95539
107815
107807
166167
166169
107831
198408
198728
77150
107882
76685
156374
148835
156384
148834
65621
108018
138166
108055
150593
108061
119927
151532
148737
165806
198924
99204
203837
187164
107581
183605
197771
66468
154473
165660
175029
148848
148773
170430
175470
176171
165752
197177
171798
130649
225899
188076
142082
185885
174775
199038
185507
177595
184956
198788
117983
78902
184545
205869
241598
185940
117984
167244
207805
254647
110651
129757
129757
110628
205531
110619
110713
148985
181009
132259
110148
166313
179532
132275
166333
166337
166341
166407
175356
166483
72952
198730
254598
187079
133794
133818
152270
11405
129152
110768
134333
110786
183161
187398
176697
109911
7372
184937
135363
135372
121691
26508
175104
166349
175097
148948
199077
151348
85117
19485
175264
121653
135365
157613
149091
175224
134574
66336
109920
149177
205044
124900
172154
183908
134817
149136
172409
198561
242689
189057
110042
149507
110107
167986
187049
256591
167985
168496
124942
149480
162188
162227
162231
168003
168539
149742
176485
72518
167770
168439
173511
149782
2330
162302
110076
68831
68976
168067
133895
171219
229719
207648
110046
68971
146670
14216
14138
133884
251562
168056
173327
213445
173039
172977
172922
172757
172732
172543
175592
174791
174744
174669
248746
174080
173156
173120
173020
172830
175482
172531
175634
84207
132746
6534
6534
110721
110066
162337
110092
162344
75388
186895
168040
85733
137497
149357
165458
168010
168014
77514
166439
137486
199090
198382
85741
158636
182704
149269
74201
48649
33327
150672
73921
74266
149196
149201
174804
109861
189253
165323
42429
20922
134627
186280
235268
149212
184384
82175
137672
137693
23445
110330
137673
196611
149968
137745
170962
204403
137757
137752
152402
166266
149311
110723
178105
137710
110777
207811
207562
137713
170276
204370
255292
149295
109906
168092
149577
160613
110324
198851
167286
160654
118058
110367
186174
176302
188486
172273
110395
196914
207971
198975
207994
109971
154134
149547
149554
64309
150455
134954
151702
120457
120471
134909
170322
149418
183715
151498
73614
60237
2016
82805
111186
151062
151067
4478
111206
197905
111218
118971
78237
118972
111241
111247
130035
185652
110799
67182
111321
111642
184574
111653
126746
10610
111664
111676
111679
207713
207708
126749
268439
177675
111701
187569
111704
171847
111732
111752
139112
60140
60138
255374
230657
121335
139083
70018
111266
111276
273079
171681
197837
151490
8394
139144
139154
134538
4700
111713
69431
139163
134532
133703
123094
123104
110841
187950
13573
188375
174718
87470
110975
139116
151229
188906
18236
151233
15153
139174
173157
198001
189079
179715
79337
61273
111424
139219
79387
152556
139620
129315
174233
167535
172602
169884
125084
181929
167548
139549
123416
167552
167553
187778
110844
161791
66117
50405
185958
123268
261308
135503
123358
63046
139626
135476
185591
135409
139625
123364
123388
207571
123415
94916
161638
135424
135404
65357
123374
111540
65361
139613
139579
110944
170581
111602
135423
76108
196531
198056
166886
166888
175189
139269
111087
175197
166987
178498
240771
135439
135446
207789
166896
139263
135655
199179
196935
183735
156076
174106
149948
155957
127311
111537
127318
127314
111581
135679
127337
166225
127325
127329
153233
187109
67798
58272
165899
111049
179104
72041
133640
198707
139324
49130
139318
197651
139329
11465
133639
177889
120833
136040
173588
199172
136014
74527
111144
59758
188596
207586
120868
75089
151572
120800
111666
139351
185480
17427
139352
166598
139372
111727
120837
171310
74590
110851
174600
84112
76248
76555
174437
196510
196850
186298
173093
111252
89234
111275
89022
179295
135144
111344
89116
135111
135116
171435
111445
176871
135090
111707
111725
122966
89159
170890
135100
89053
89094
139718
158104
110987
184047
130779
33030
183955
111358
196498
150991
150990
139364
151952
111432
60709
111452
177169
183495
112787
177084
247077
176915
198033
132958
196199
121741
165474
172458
150457
150459
102678
102699
151846
127870
127870
127870
132970
152484
165556
122025
102755
132938
139514
189403
139618
133121
133119
172915
133083
120669
133104
133101
120693
120699
180138
133107
150893
183722
150907
102738
120690
102780
23516
120659
102804
188342
136167
139687
139679
152207
102547
136169
231607
208006
176124
176124
176124
136104
118946
83544
184226
276644
83520
102554
5810
136160
139746
136158
184564
165300
215417
179399
183098
88386
169508
102452
102466
175820
134899
125266
204442
174405
102524
185950
187498
134871
153487
139842
198176
185989
130177
169062
176294
100814
129484
100823
165804
92201
100888
165819
155463
157227
100462
129474
100804
139880
92067
235194
129473
100889
213928
100918
129467
129465
100968
100453
176165
184304
100852
151320
129521
165410
165410
198604
92020
100902
100906
174373
100916
151332
136352
129514
100941
165379
189139
187790
129534
100479
165527
100485
151748
100503
100504
139926
186469
125384
125378
180008
126775
182521
126777
100557
32219
100592
100614
126778
100625
20426
100644
154001
54654
140009
126803
125952
33170
207781
171723
72415
100554
134001
72121
182185
185650
72110
81177
139985
6432
197555
205683
80815
133961
170468
119630
119684
119638
170345
140044
119699
119715
119669
100601
100603
165409
165417
53254
53254
42088
100764
198668
100784
100796
100815
66455
100604
12963
197249
165953
100697
176438
187621
213231
100721
168398
100739
100749
127152
183576
199082
100811
198984
183092
194717
78304
80824
89902
131323
198752
126215
207568
142208
185567
184916
183828
182979
184986
277322
275835
273749
140157
170113
174450
179455
185823
114062
206190
128731
104067
198690
175344
249931
198838
140199
184507
21776
198146
172575
137801
128829
140319
104081
156970
259288
137843
137841
128944
140320
51180
166145
128917
128908
62524
174197
168970
243708
137877
188089
159337
168907
67369
166710
179362
137872
185634
255302
166200
140285
138592
166477
69956
137875
69966
197535
169856
137766
261652
140262
137845
157456
140307
171914
140416
138613
140455
103657
35664
169118
74621
169032
174442
137834
166949
137764
33800
129007
137809
140350
137807
137821
66933
67225
140464
138623
179361
179335
140465
140465
140505
140474
140398
169375
169375
169752
140382
167202
136381
80644
136378
185787
103811
58335
169330
140379
172379
205281
259243
103942
156218
166716
170776
140538
207703
140525
140521
207819
166813
166825
182054
185033
185043
140575
140577
197299
182511
173575
185551
140443
184254
140479
103152
103148
103126
127580
127588
196557
103275
7516
100726
138834
197774
162039
65057
103197
131653
167965
182685
162068
140992
103363
127564
8517
122390
188827
5339
162104
90447
103423
168101
166246
140632
118900
187555
183454
179583
175643
185338
178279
48462
48471
175595
207639
69764
179889
166783
133392
103222
261210
166743
158486
83093
166851
166501
6116
122257
155666
169189
77238
103522
176046
176476
197165
196502
177455
213658
103472
181625
213648
103495
280789
149930
149929
169592
149923
102882
132207
261052
5844
156858
156860
80603
156873
103549
150281
99381
103510
89280
169896
91651
171208
102893
196470
121281
166164
140807
167207
83799
177200
103479
159387
87245
103546
87258
167005
102900
51108
6210
102996
70770
103037
125107
140937
67955
102871
205250
159720
102974
102977
102981
72736
132600
39068
90857
223496
157353
189091
103043
157423
40199
140836
140839
168404
103091
50820
34713
166848
186153
178573
166446
166473
197943
166558
64270
153789
131149
131153
140968
103264
104731
103257
172530
225614
103335
129993
187741
126856
108953
167193
197879
132376
174231
167716
132386
186532
132383
177602
74755
132382
141456
141480
129219
108518
129204
29725
91592
91622
108839
258315
267532
132535
199053
4975
170296
175826
170291
181856
132522
215041
161958
161956
129226
141510
141499
108947
132510
170004
179094
178999
184650
133026
276231
141506
65320
7237
264424
125414
7174
65559
141052
221926
170425
214941
141027
170315
154803
141030
108557
72310
131899
177302
176974
166484
108602
83290
128487
124422
34152
184185
141068
7171
232859
87095
109084
109072
109111
76604
132589
109118
160551
141298
199071
196712
178691
126858
108671
108691
181374
181291
132141
198783
5156
267618
185379
270647
271503
277632
275302
274808
276085
205020
205021
197262
278540
276234
275410
197681
274211
275023
277258
2834
67191
125686
167258
141736
161405
108342
8838
188895
171475
94804
131759
131747
126353
73584
186395
167920
221852
240871
212722
212721
198090
198271
241595
171360
173801
108773
108774
161610
173757
126561
168610
108797
108799
126581
131467
131482
12048
175832
167941
108861
141349
108840
87152
5961
180340
180336
108883
131095
6062
186868
120071
108379
158955
4897
259207
141279
207947
108468
141293
120094
257178
159217
167083
108798
64300
121067
121104
136504
5884
108821
154920
136457
49283
6283
11258
141200
108924
183691
153933
121060
153944
136450
5381
108375
108387
108384
141367
199004
108443
170836
136492
146872
159640
198909
266173
108604
213218
136487
136488
259384
7312
178607
108654
108854
176809
120063
168646
154229
75429
75461
108878
171634
108946
154263
108984
125398
109062
177885
73350
108469
132470
132475
250506
167880
182473
129646
176170
70495
161547
184640
89685
184557
55483
171302
173894
141570
141582
141527
173821
141564
141577
184009
185504
185527
141552
187531
185269
169696
169689
169750
169733
169710
141526
141551
141579
80986
177426
82397
154655
88756
101680
17797
154864
128789
175354
85415
183206
180777
67900
265142
101773
53747
198795
141380
141384
134762
134765
134760
175065
134758
166960
141431
134769
153391
134759
134775
101489
78142
152214
132872
152217
152223
78043
175387
175387
184828
134030
101665
141644
154832
141646
187323
134046
101751
196628
119547
49759
207778
172175
74657
141682
176641
141655
81913
171791
119537
206075
71991
150636
176225
170677
101493
256463
131196
178184
141934
183186
129946
70388
70404
197561
64687
118046
99625
99617
160953
71626
115266
71655
71564
79313
133275
99875
104885
104899
176619
99860
176533
65717
88256
60558
125910
105325
64961
186111
105278
77009
167657
105229
126934
60566
77463
89847
141985
167670
167674
167680
207630
127666
276043
276043
127663
160633
130382
125651
88247
125726
125735
125730
125733
141968
171105
90659
76984
133246
181143
237521
130816
267534
90339
105397
105401
79999
130734
129355
129353
79805
207752
142453
127616
173928
187266
130175
130159
197933
223547
105576
171223
104889
179218
104903
141837
207808
207980
207613
207585
132000
104998
72062
105011
72071
123143
160951
132002
127530
105143
74181
141867
105127
105122
171954
167460
127528
85872
127511
127533
160111
105393
105639
96996
105647
130522
105656
105662
105664
51128
213999
167491
178093
64547
197013
160321
229676
213973
196172
105173
105176
198597
121297
121289
131944
245848
257103
142279
105707
12124
126262
105677
105675
272333
205155
196967
105738
11332
167644
99338
179168
188766
130244
171777
196218
104814
130402
182472
68903
104825
130669
197110
183709
182393
6712
90932
176401
176396
105202
105221
105227
160460
160410
105245
77312
269858
255974
198077
197838
105329
77348
105369
76928
28277
105722
79432
79435
73050
11422
167380
69399
142273
104856
104884
117877
12061
125753
199066
104941
11485
230510
160014
167414
105287
105281
160007
105327
118156
63169
105398
105499
105486
63176
105550
87088
104812
183207
225950
74219
161609
142538
90554
207782
126458
126456
126453
126457
204673
105357
62822
161681
142511
142515
167751
105366
105492
198972
208008
171051
105568
228567
163098
213799
196417
130844
207599
207594
207722
207738
207799
207861
199143
126583
105605
142408
130433
105619
105618
88038
204577
104972
186818
125503
160469
133247
95752
63244
171487
142409
197213
269699
198300
131864
105146
204514
174586
130726
247315
101266
101280
244588
125775
125775
101307
198053
101327
88827
101224
125843
199024
132646
101292
125772
125885
125845
182621
101333
101349
101349
101384
89177
149474
101343
125798
100994
125804
149531
125968
171552
171456
88305
101412
78747
198646
125965
25293
118707
101347
80839
197122
101407
129988
101442
101452
204103
198900
124181
124177
196090
185513
101049
166913
101109
124233
124232
124145
132801
100985
101017
64655
101040
124151
124198
172216
196396
124171
101126
101096
101115
171940
19186
87586
101144
124092
124253
87460
101160
124203
132825
130699
184402
130702
199017
207764
101189
60491
92758
207598
101197
101199
101210
101213
130589
258366
26036
197114
197114
196132
166157
166351
155313
207638
199030
207863
154654
234883
198862
156256
156273
184032
156299
156304
205927
159110
243646
142166
159128
159131
159140
205726
198743
159216
159228
159259
159267
157542
157554
157557
183527
185658
205581
184012
160182
160201
142182
160224
141959
175894
243489
187175
160255
142156
142173
160282
160310
198445
99954
131100
15475
183785
70371
100084
93009
184702
128191
99901
275793
99917
241973
99942
99949
169635
100030
100038
185686
186716
189269
99956
133433
99984
184674
128271
100077
133454
100109
169184
100154
183765
100219
183579
183762
182944
186575
128342
99985
100078
182541
100100
100105
100150
128245
100234
175329
100281
100284
100292
100297
100345
166862
100368
100385
128340
100055
100060
100065
100106
184381
213923
183741
128383
128383
179750
244509
243811
128394
239713
100298
100307
100311
100324
128272
100346
100351
196588
128285
100387
100393
100395
100401
196419
159958
189306
242247
186654
100373
77935
188064
198986
207875
75218
100425
128159
100429
188130
185386
196576
100239
130489
284194
284194
25708
100288
8735
167393
205755
198223
185291
182162
6756
183943
182583
205642
101849
73464
5302
169933
196664
101916
123594
46651
181544
165197
169249
102054
102098
44446
131828
264566
173674
177189
149970
5889
102230
101868
157625
165164
198173
101955
156313
36473
156298
183337
182220
124486
215301
147050
207870
207725
102221
182872
102226
78061
126767
126752
268009
102312
15285
101945
102145
94631
102096
68323
102001
49768
49769
189064
147082
274588
196368
179222
241476
268447
126012
72501
86758
208012
172943
67445
169188
189299
83750
165591
198455
184675
102043
1497
147065
207939
89472
169083
90776
82458
184481
147168
184634
147130
147140
147133
147162
147099
67177
186462
131264
131263
196468
85224
226784
187325
147145
147138
122145
174016
165288
198157
72133
147180
124429
126733
102290
179083
204086
102387
10671
204071
123562
123569
101812
123576
123572
101844
197565
188153
133124
243978
77264
72315
126016
123496
221463
131724
174460
77721
125354
125351
177485
158290
236446
182890
125675
101966
101972
101972
198354
102038
122121
85185
102034
102034
156709
165694
76716
147257
207572
208034
207812
156531
181433
22267
156920
102245
129675
147274
156925
129682
165509
155495
46774
189326
268988
102081
155966
13619
166049
207621
197172
147394
67842
262919
130829
198753
198910
172534
184216
169057
196924
147403
130827
160211
269335
185010
214827
214827
185515
168939
124334
182484
92377
236424
183878
129873
182415
12817
172352
172288
